#VESTA_FORMAT_VERSION 2

TITLE
BaFe2P2

GROUP
1 5 I 1
SYMOP
 0.000000  0.000000  0.000000   1  0  0   0  1  0   0  0  1
 0.500000  0.500000  0.500000   1  0  0   0  1  0   0  0  1
 -1.0 -1.0 -1.0  0 0 0  0 0 0  0 0 0
TRANM
 0.000000  0.000000  0.000000  1  0  0   0  1  0   0  0  1
CELLP
  3.840000   3.840000  12.442000  90.000000  90.000000  90.000000
  0.000000   0.000000   0.000000   0.000000   0.000000   0.000000
STRUC
  1 Ba     Ba1  1.0000   0.000000   0.000000   0.000000    2a       1
                         0.000000   0.000000   0.000000  0.00
  2 Fe     Fe1  1.0000   0.000000   0.500000   0.250000    2a       1
                         0.000000   0.000000   0.000000  0.00
  3 Fe     Fe2  1.0000   0.000000   0.500000   0.750000    2a       1
                         0.000000   0.000000   0.000000  0.00
  4  P      P1  1.0000   0.000000   0.000000   0.345600    2a       1
                         0.000000   0.000000   0.000000  0.00
  5  P      P2  1.0000   0.000000   0.000000   0.654400    2a       1
                         0.000000   0.000000   0.000000  0.00
  0 0 0 0 0 0 0
THERI 0
  1     Ba1  1.000000
  2     Fe1  1.000000
  3     Fe2  1.000000
  4      P1  1.000000
  5      P2  1.000000
  0 0 0
ATOMT
  1 Ba  2.2400  0.1176  0.9373  0.1725  0.1176  0.9373  0.1725
  2 Fe  1.2600  0.7098  0.4431  0.0000  0.7098  0.4431  0.0000
  3  P  1.1000  0.7529  0.6118  0.7608  0.7529  0.6118  0.7608
  0 0 0 0 0 0
MODEL 1 255
RADII 0
BOUND
       0        1         0        1         0        1
  0   0   0   0  0
SBOND
  1    Fe     P    3.00000  0  0  1    0.00000  0
  0 0 0 0
HBOND 0 2
SPLAN
  0   0   0   0
ATOMS 0
BONDS 0
POLYS 1
ATOMP
 16  24   0  50  2.0   1
BONDP
  1  16  0.423  0.423  1.000 0.7686 0.7686 0.7686
POLYP
  0.680 1  1.000 0.6784 0.6784 0.6784
HKLPP
  1.000 0  1.000  0.0  0.0  0.0
UCOLP
  2  1.000 0.0000 0.0000 0.0000
ISURF 1
  0   0  96          1          1          0   1
  1          1          0
BKGRC
   1.0000 1.0000 1.0000
PROJT 1
COMPS 1
DPTHQ 1 -0.5000  3.5000
SCENE
-0.522397  0.852683 -0.005675  0.000000
-0.240636 -0.141035  0.960314  0.000000
 0.818043  0.503031  0.278863  0.000000
 0.000000  0.000000  0.000000  1.000000
  0.000   0.000
  0.000
  1.000
LIGHT0
 1.000  0.000  0.000  0.000
 0.000  1.000  0.000  0.000
 0.000  0.000  1.000  0.000
 0.000  0.000  0.000  1.000
 0.000  0.000 20.000  0.000
 0.000  0.000 -1.000
 0.100  0.100  0.100  1.000
 0.700  0.700  0.700  1.000
 1.000  1.000  1.000  1.000
ATOMM
  1.000   1.000   1.000   1.000
  1.000   1.000   1.000   1.000
  1.000   1.000   1.000   1.000
128.000
BONDM
  1.000   1.000   1.000   1.000
  1.000   1.000   1.000   1.000
  1.000   1.000   1.000   1.000
128.000
POLYM
  1.000   1.000   1.000   1.000
  1.000   1.000   1.000   1.000
  1.000   1.000   1.000   1.000
128.000
HKLPM
  1.000   1.000   1.000   1.000
  1.000   1.000   1.000   1.000
  1.000   1.000   1.000   1.000
128.000
SURFM
  1.000   1.000   0.000   0.600
  0.000   1.000   1.000   1.000
  0.000   0.000   0.000   1.000
128.000
DELOB
  0

  0

  0

ARROW
 0 0 0 0 0 0 0 0 0
PLN2D
  0   0   0   0
